3639
3556
6
3631
3571
0
3641
0
0
0
0
3632
3645
3563
3633
3638
0
0
0
3565
0
0
3509
3565
3556
3639
3629
3638
3631
3636
0
3636
0
3642
3637
3636
3633
3642
1762
0
0
0
1761
0
0
0
0
1679
0
1754
1754
1749
0
1751
1760
0
0
0
3567
0
3479
3644
3641
3566
3636
3637
0
0
3615
3635
0
3555
3488
3633
0
3570
3566
0
5472
0
0
0
0
0
0
0
5484
5548
5405
5544
0
0
5548
5394
0
5555
5562
5470
7599
70
71
7444
70
70
71
70
7607
7532
7538
71
7508
7233
70
7390
70
71
7528
7256
73
9302
9360
9282
73
9346
9304
9343
72
73
9471
9354
70
9288
71
71
9075
9498
71
71
11093
11261
11084
11041
11171
11246
11072
72
11157
11184
11241
11173
11085
11260
11117
70
11124
11239
70
11108
0
0
0
1753
0
1761
1751
1761
1761
1756
0
0
1754
0
0
0
0
0
0
0
0
1759
1689
0
1757
0
0
0
1758
1749
0
0
0
0
1761
1768
1761
0
1757
1754
0
0
0
0
0
0
0
1601
0
1605
0
0
1603
0
1530
1598
1605
0
0
1537
0
0
0
1602
1606
0
0
0
0
1753
1756
0
1755
1758
0
0
0
1754
0
1679
0
0
1683
1755
1755
0
0
0
0
1757
1680
0
1678
0
1675
1756
0
0
0
0
0
0
0
1751
1756
0
1765
1756
1752
1752
0
0
11237
0
1756
1750
0
0
0
1752
0
1763
1758
1760
1749
1749
1751
0
0
1750
1764
0
0
3641
3635
3638
3487
3635
3491
3637
3641
3636
3633
3641
3632
3639
0
3638
0
3639
3563
3578
3641
5474
5550
5442
0
5395
0
0
5557
0
0
0
5542
0
5545
0
5490
5472
0
5477
5406
7524
70
70
7527
7464
7462
7532
71
7466
7604
7587
7167
70
70
70
7388
7461
71
71
7610
9253
9427
9433
73
70
9419
70
9342
9274
9350
9359
9351
9247
9511
9387
9436
73
9424
9285
9432
9351
70
9288
70
9126
9202
9263
9285
72
9299
9352
9271
73
9336
70
9501
9138
9340
9344
9222
72
9344
71
9145
9417
71
73
70
9334
9276
69
72
71
9361
9283
9514
9360
73
9312
9435
9388
73
72
72
9291
9129
70
72
9205
72
9434
9425
9162
9418
9402
9374
9219
9409
9348
9353
9442
9485
9425
9192
9445
73
70
9438
9263
9308
9238
9222
9427
9346
9337
9437
72
9417
70
9433
71
9439
9457
9352
9356
73
73
9365
11099
11109
11260
11095
70
70
72
70
11254
70
11224
10884
11066
11233
70
11147
11175
72
72
11247
0
0
11025
1748
0
1750
72
72
71
11094
69
10926
72
72
10948
0
0
0
0
0
1754
0
0
1753
1750
1760
1754
0
0
0
0
1756
1755
0
1747
10989
0
0
0
0
1759
1755
0
0
0
1751
0
0
1755
0
0
0
1748
0
0
1750
0
0
0
1752
0
0
1756
0
1755
1751
0
0
1754
1680
1752
1752
0
1765
1753
1750
1754
1752
0
1753
0
0
1125
981
0
0
0
0
0
1197
0
0
0
0
0
1211
1247
1123
1066
0
0
1147
1079
1752
0
0
1758
1753
0
0
0
0
1749
0
0
1759
1755
0
0
0
1752
1752
1757
1680
0
1689
0
1606
0
1752
1756
0
0
1750
0
1753
1757
1750
0
0
0
1758
1753
1754
0
1758
1752
0
1754
1762
1756
1678
1755
1750
1753
0
0
0
1763
1750
1754
1754
0
1754
0
xxxxxxxxxxxxxxxxxxxxx
0
1596
1595
0
0
0
1596
0
1531
0
0
0
736
734
1574
735
1576
1576
1577
1576
1575
702
703
1577
1577
1574
842
741
738
827
829
